45.117540 36.581338 20.223597
-38.030169 -135.600618 -193.129490
-132.221995 -132.233577 -201.726307
-137.417593 -12.316553 -207.991699
-99.474256 -120.719689 -106.644764
-114.863871 -114.991095 -153.585174
-114.595939 -106.625535 -143.043148
-116.164858 -114.732276 -80.632640
-116.484839 -114.820937 -85.810296
-109.808074 -113.376655 -189.561970
-113.239804 -114.259167 -137.093140
-113.785563 -106.655156 -147.613891
-86.874977 -87.005785 -72.707221
-80.978689 -89.106896 -180.839229
-85.987550 -84.825205 -117.486241
-87.610053 -80.209973 -76.252840
-65.073779 -75.519667 -183.862721
-71.352882 -71.031463 -160.586006
-70.053794 -64.992850 -101.292432
-68.629507 -71.944322 -56.049133
-54.195104 -52.323503 -48.735507
-51.473960 -53.955011 -70.322272
-55.570672 -55.407080 -73.235837
-57.353504 -50.808105 -50.491423
-46.220766 -47.472958 -147.293871
-47.540597 -47.352356 -132.892387
-42.175825 -42.014144 -52.947491
-43.814463 -44.749787 -42.515023
-41.700624 -40.423249 -35.342803
-42.647539 -42.522160 -45.714084
-42.081907 -42.308174 -47.187196
-41.540673 -41.235161 -42.031126
-19.749869 -37.067479 -86.193861
-35.971843 -36.936999 -74.376088
-31.358811 -32.150416 -34.707003
-28.277621 -30.206864 42.268285
63.278312 -2.001425 -57.422319
35.222054 0.334510 -29.983340
15.074648 58.580240 -18.509652
15.923654 18.278365 194.987830
238.321250 195.537409 121.657264
198.429169 178.279588 78.922501
197.172192 227.930494 129.467860
225.190550 222.445403 273.778387
247.311303 201.647526 187.468897
225.410851 262.146845 208.251760
259.970462 265.591355 303.755318
285.538018 243.614084 170.035992
239.993092 146.711201 159.887034
162.234585 273.569563 138.788396
267.888464 255.711968 347.094931
264.900446 219.060753 183.130565
413.447394 301.708517 265.300019
311.950023 330.967321 203.083772
333.530267 396.557987 356.615411
353.141075 350.604111 451.674988
-74.322780 -72.865869 -52.247152
-69.364846 -73.562169 -75.636274
-74.805379 -74.310979 -161.699451
-73.204608 -65.304229 -174.133347
-44.139894 -42.167771 -35.337036
-42.362927 -43.325221 -48.381620
-48.576127 -48.128912 -137.383162
-47.309250 -44.376610 -142.256186
-38.513905 -37.517818 -30.066492
-40.468554 -40.887444 -40.946860
-43.558217 -43.457538 -84.103835
-41.819610 -39.648342 -127.419024
-91.029817 -100.923966 -82.093503
-96.897531 -96.855856 -117.998502
-96.611912 -87.972565 -125.954934
-99.490583 -100.802884 -54.414667
-67.229458 -77.551101 -129.882442
-76.351300 -75.812082 -95.351624
-75.623837 -68.918505 -106.190283
-76.952363 -74.593784 -12.967685
-46.308332 -46.750935 -16.753416
-39.685748 -49.926910 -31.257720
-50.417613 -38.209538 43.599209
-49.483699 -48.984770 81.759848
42.455450 1.505629 126.982771
55.831480 88.273653 -29.706944
50.707103 71.349085 166.842037
29.078587 52.490041 210.022642
326.324742 268.432628 375.846653
283.604594 227.209040 42.602937
264.233986 248.216922 246.796733
247.080739 359.028453 263.378934
319.160927 267.887950 392.634823
272.764954 186.707422 263.608175
261.099444 256.042745 173.562308
274.039961 358.366466 253.339524
469.921746 312.493461 397.972229
355.873610 332.723801 223.626304
330.337234 426.488767 200.701033
347.948731 390.983753 442.792519
