513.979827 420.488583 343.680734
-127.124046 -135.600618 -208.339879
-132.221995 -132.233577 -201.726307
-137.417593 -126.685020 -207.991699
-105.115004 -122.240101 -107.663782
-114.853017 -114.991095 -189.789063
-114.595939 -106.625535 -143.043148
-116.164858 -115.141051 -89.745206
-116.509545 -114.820937 -87.752549
-112.430704 -114.361801 -185.867081
-114.939200 -115.032064 -137.093140
-113.785563 -108.041058 -188.896100
-87.367069 -86.395332 -72.545393
-81.811678 -89.750661 -177.973238
-87.113328 -84.805714 -116.150924
-86.984742 -80.776574 -76.116443
-65.790299 -75.909554 -172.960023
-73.192979 -72.392691 -123.298641
-70.101203 -66.058767 -98.788170
-67.284700 -72.161629 -56.161639
-54.345706 -53.006220 -52.307144
-53.566364 -57.022280 -72.344189
-57.670446 -59.396560 -75.023805
-56.179753 -51.237959 -53.407689
-55.503984 -55.677968 -98.349856
-58.648338 -59.164690 -70.729258
-50.979863 -50.926652 -55.693297
-51.768560 -51.547754 -52.184309
-55.927617 -53.531816 -51.985176
-60.521147 -60.225988 -60.415101
-58.997791 -58.763854 -59.251867
-55.682756 -56.072973 -58.595535
-42.907582 -57.851075 -62.761229
-56.949415 -59.421628 -51.257473
-48.079568 -50.972053 -49.992637
-42.492237 -45.602618 -32.412357
135.294369 4.791498 -23.652413
74.145012 8.904371 -22.365760
37.510359 100.336086 -21.658716
34.042306 44.364696 327.862570
476.068007 395.256688 349.241468
394.386662 351.914749 222.878728
407.531953 460.302746 369.859987
455.997082 450.959107 558.333067
478.900826 381.714583 375.160294
437.998715 519.894558 427.507741
520.540024 524.249742 611.490513
587.746407 490.555300 406.393102
466.559463 194.079054 159.529859
324.669169 524.180530 255.496176
527.763062 500.267998 666.303011
493.799705 423.231729 376.638746
637.859972 385.481942 434.566013
521.004410 629.507834 408.647934
621.853727 701.446558 626.528809
682.899794 671.919306 737.937979
-74.322780 -72.392011 -53.079472
-71.876980 -75.238255 -75.636274
-76.496525 -75.664845 -130.036358
-72.788172 -68.554700 -148.548759
-45.719094 -42.071784 -43.081022
-47.902629 -47.327497 -50.622867
-55.445041 -55.186245 -81.896107
-50.271918 -52.633060 -85.377369
-56.150323 -53.796991 -32.241947
-60.275278 -60.988826 -61.474790
-65.965407 -66.026309 -39.155886
-62.425359 -58.027892 -64.571473
-90.100117 -100.469314 -184.940774
-96.199875 -95.956561 -116.495174
-98.826813 -89.466968 -186.773878
-99.300972 -100.802884 -67.754076
-67.951458 -77.580036 -195.685815
-77.703374 -77.923761 -99.005173
-76.707265 -70.935030 -182.000905
-77.479006 -73.605861 -52.492272
-47.619055 -48.185510 -178.752837
-49.189176 -48.957729 -74.719147
-48.562462 -46.613688 -197.708636
-49.009658 -49.291842 -38.573590
-14.446058 -24.896733 -193.041116
-25.897381 -26.085804 -56.545854
-25.348180 -25.342103 -174.973021
-25.170338 -25.204474 -22.204950
-12.134757 -10.932332 10.851095
9.035508 -15.334008 -14.677792
-16.039923 10.724911 -78.419402
-10.868105 -13.973053 -142.375598
126.158952 165.860820 542.015975
141.358477 -2.962813 -15.817555
78.250330 219.759324 1.776536
40.247591 474.791094 218.139694
619.195721 257.834969 326.854747
469.534688 166.212157 158.385943
464.314585 663.652064 336.268020
567.935623 603.037229 702.444277
