-136.323969 -137.483245 -116.522172
-127.124046 -135.600618 -208.339879
-132.221995 -132.233577 -201.726307
-137.417593 -126.685020 -207.991699
-105.115004 -122.240101 -107.663782
-114.853017 -114.991095 -189.789063
-114.595939 -106.625535 -143.043148
-116.164858 -115.141051 -89.745206
-116.191156 -114.820937 -88.481675
-110.074771 -112.391510 -193.256859
-111.540408 -113.486270 -137.093140
-113.785563 -109.887265 -196.753375
-86.750569 -87.616238 -72.270567
-80.145700 -88.463130 -183.705221
-84.861773 -84.756874 -118.821558
-86.984742 -79.643372 -76.915312
-65.131378 -75.129780 -194.802080
-69.512785 -69.670234 -197.873372
-70.006385 -63.926932 -103.796694
-69.974314 -71.727016 -54.882190
-53.358700 -51.640786 -41.485507
-47.966887 -50.887743 -68.300355
-52.127755 -51.417600 -71.447869
-56.149031 -48.310936 -47.575157
-35.021421 -37.906284 -196.237887
-35.373191 -35.540022 -195.055515
-33.371787 -33.101635 -50.201685
-35.860366 -37.951820 -28.544813
-26.339270 -27.314683 -21.586182
-24.773931 -24.818333 -31.013068
-25.166022 -24.882727 -35.122525
-26.059053 -24.939646 -25.466716
-16.186639 -16.283883 -187.361930
-14.994270 -14.720344 -141.396150
-13.465002 -13.328779 -19.421368
-14.063004 -14.306439 -11.977714
-8.737745 -8.794347 -138.977528
-8.402661 -8.235350 -32.482954
-7.361063 -5.740152 -15.360588
-7.740636 -7.807967 -7.680135
-4.581778 -4.181870 -105.926939
-3.359801 -3.980682 -26.970306
-4.619535 -4.441758 -110.924268
-5.615982 -6.068302 -11.004691
-1.414422 -0.570000 -37.151450
-0.329100 -0.589400 -0.400000
-0.599100 -0.990078 -0.866784
-1.897821 -1.738217 -66.321118
-0.399400 -0.200000 0.000000
-0.200000 -0.398430 0.000000
-0.380000 -0.380000 0.407200
-0.398430 -0.200000 -19.472607
3.484147 -0.135878 -0.200000
-0.100000 1.631681 -18.556056
-0.190000 12.675408 0.166023
0.000000 0.237962 68.769026
-74.322780 -73.339726 -50.611701
-66.852713 -71.886084 -75.636274
-73.114232 -72.957113 -193.362544
-73.621043 -63.167983 -199.717935
-42.560694 -42.263757 -27.593051
-36.823226 -39.322945 -46.140374
-41.707213 -41.071579 -192.870218
-44.346582 -36.120161 -199.135003
-20.877488 -21.238646 -27.891037
-20.661831 -20.786062 -20.418931
-21.151026 -20.888767 -129.051783
-21.213862 -21.268793 -190.266576
-90.100117 -100.469314 -184.940774
-96.199875 -95.956561 -116.495174
-98.826813 -89.466968 -186.773878
-99.300972 -100.802884 -67.754076
-66.507458 -77.200105 -195.685815
-76.816820 -76.895088 -101.011585
-76.478512 -69.346648 -203.142136
-77.479006 -76.110865 -52.492272
-47.485391 -48.185510 -191.140175
-48.236988 -48.766546 -75.665590
-48.562462 -48.542323 -197.708636
-49.617117 -49.291842 -39.734562
-24.728986 -24.538204 -193.041116
-24.745029 -24.543753 -59.804061
-24.893039 -24.826116 -187.150280
-25.056471 -25.108680 -24.870974
-7.685790 -7.743305 -15.716786
-7.715302 -7.740911 -8.462466
-7.724788 -7.919232 -148.143846
-8.320611 -8.433061 -176.008185
-1.376925 -1.212193 -16.585608
-0.296758 -0.754517 -18.373996
-0.585539 -0.420099 -1.438571
-0.561400 -0.668374 -61.056445
33.543647 -0.100000 -0.280700
0.000000 1.306840 -20.195508
-0.067537 20.409383 -0.200000
0.256023 2.331222 113.808434
